-1-1-1-1-1-1-1-1-1-1-1-1-1-1-1-1-1-1-1-1-1-1-1-1-1-1-1212-1-1-1-1-1-1-1-1-1-1-10
-1292827262524232221201918171615141312111098765432345678910111213-10
-13029282726252423222120191817161514131211109876-1-1-1-1-1-1-1-191011121314-10
-1-1-1-1-1-1-125-1-1-1-1-1-1-1-1-1-1-1-1-1-1-1-1-1-1-1575859606162-1101112131415-10
-14241403938-126-138394041424344454647484950515253545556575859606162-11213141516-10
-14140393837-127-13738394041424344454647484950515253545556575859606162-114151617-10
-14039383736-128-1363738394041424344454647484950515253545556575859606162-1161718-10
-13938373635-129-135363738394041424344454647484950515253545556575859606162-11819-10
-13837363534-130-13435363738394041424344454647484950515253545556575859606162-120-10
-13736353433323132333435363738394041424344454647484950515253545556575859606162-1-10
-1383736353433323334353637383940414243444546474849505152535455565758596061626364-10
-1393837363534333435363738394041424344454647484950515253545556575859606162636465-10
-1403938373635343536373839404142434445464748495051525354555657585960616263646566-10
-1414039383736353637383940414243444546474849505152535455565758596061626364656667-10
-1424140393837363738394041424344454647484950515253545556575859606162636465666768-10
-1434241403938373839404142434445464748495051525354555657585960616263646566676869-10
-1444342414039383940414243444546474849505152535455565758596061626364656667686970-10
-1454443424140394041424344454647484950515253545556575859606162636465666768697071-10
-1464544434241404142434445464748495051525354555657585960616263646566676869707172-10
-1474645444342414243444546474849505152535455565758596061626364656667686970717273-10
-1-1-1-1-1-1-1-1-1-1-1-1-1-1-1-1-1-1-1-1-1-1-1-1-1-1-1-1-1646566-1-1-1-1-1-1-1-1-10

Lungimea drumului este: 65
Reconstruirea traseului:
777777777777777777777777777 8 77777777777 
7                        8888           7 
7      888888888888888888877777777      7 
777777787777777777777777777      7      7 
7     787                         7     7 
7     787                          7    7 
7     787                           7   7 
7     787                            7  7 
7     787                             7 7 
7      888888888888888888888888        77 
7                             8         7 
7                             8         7 
7                             8         7 
7                             8         7 
7                             8         7 
7                             8         7 
7                             8         7 
7                             8         7 
7                             8         7 
7                             8         7 
77777777777777777777777777777 8 777777777 
