Lungimea drumului este: 79
Reconstruirea traseului:
777777777777777777777 8877777777777777777 
7       7              88888788888887   7 
7   77777   77777   77777  878  7  87   7 
7               7       7  888  7  87   7 
7   77777777777777777   777777777  87   7 
7       7               7       7  87   7 
777777777   77777777777777777   7  87   7 
7       7   7       7           7  888  7 
7   7   7   7   7   7   77777   777778  7 
7   7       7   7       7       7  888  7 
7   777777777   777777777   77777  877777 
7               7           7   7  87   7 
777777777   77777   777777777   7  87   7 
7           7       7  88888888888887   7 
77777   7777777777777  87777777777777   7 
7   7               7  878888888        7 
7   7777777777777   7  878  7  8777777777 
7   7               7  888  7  8888888  7 
7   7   777777777777777777777777777778  7 
7       7                      8888888  7 
77777777777777777777777777777 88777777777 
